3.274985595703125000e+03
3.258592285156250000e+03
3.232171142578125000e+03
3.228230224609375000e+03
3.225741943359375000e+03
3.222370361328125000e+03
3.192800048828125000e+03
3.202532958984375000e+03
3.234635498046875000e+03
3.241701171875000000e+03
3.276271484375000000e+03
3.276489257812500000e+03
3.319618164062500000e+03
3.315965576171875000e+03
3.306706787109375000e+03
3.306826171875000000e+03
3.288946289062500000e+03
3.310626220703125000e+03
3.305132324218750000e+03
3.313269775390625000e+03
3.317099609375000000e+03
3.323372558593750000e+03
3.357711914062500000e+03
3.354953613281250000e+03
3.340026123046875000e+03
3.339052001953125000e+03
3.352278320312500000e+03
3.355595458984375000e+03
3.381319091796875000e+03
3.383815917968750000e+03
3.381609619140625000e+03
3.380030761718750000e+03
3.369030029296875000e+03
3.366796875000000000e+03
3.351472412109375000e+03
3.347360107421875000e+03
3.329620117187500000e+03
3.335721923828125000e+03
3.332412841796875000e+03
3.337979003906250000e+03
3.360011230468750000e+03
3.359320556640625000e+03
3.366941894531250000e+03
3.334804443359375000e+03
3.347322998046875000e+03
3.339043945312500000e+03
3.355232910156250000e+03
3.355096679687500000e+03
3.348592529296875000e+03
3.365908691406250000e+03
3.394864746093750000e+03
3.422031738281250000e+03
3.441553222656250000e+03
3.455779541015625000e+03
3.473374511718750000e+03
3.470109130859375000e+03
3.454586425781250000e+03
3.482937744140625000e+03
3.487334228515625000e+03
3.476084472656250000e+03
3.468690673828125000e+03
3.480031494140625000e+03
3.472380371093750000e+03
3.475912597656250000e+03
3.496086669921875000e+03
3.486025390625000000e+03
3.497433837890625000e+03
3.471062744140625000e+03
3.464123291015625000e+03
3.422936767578125000e+03
3.410313720703125000e+03
3.418530517578125000e+03
3.430898925781250000e+03
3.427850341796875000e+03
3.419255371093750000e+03
3.421971191406250000e+03
3.436078369140625000e+03
3.466123535156250000e+03
3.493716308593750000e+03
3.513444335937500000e+03
3.525661376953125000e+03
3.517152099609375000e+03
3.509925048828125000e+03
3.472645507812500000e+03
3.480954833984375000e+03
3.429500976562500000e+03
3.447284423828125000e+03
3.427278808593750000e+03
3.455914062500000000e+03
3.415955810546875000e+03
3.410763916015625000e+03
